8
M1 0.000 36.203 38.755 52.356 23.766 33.877 24.325 41.630
M2 36.203 0.000 53.910 22.739 43.413 23.682 36.758 60.747
M3 38.755 53.910 0.000 65.879 28.947 46.262 42.986 40.511
M4 52.356 22.739 65.879 0.000 59.592 34.043 51.481 70.534
B1 23.766 43.413 28.947 59.592 0.000 37.857 24.175 32.656
B2 33.877 23.682 46.262 34.043 37.857 0.000 33.090 54.879
B3 24.325 36.758 42.986 51.481 24.175 33.090 0.000 33.545
B4 41.630 60.747 40.511 70.534 32.656 54.879 33.545 0.000
