8
M1 0.000 52.984 71.471 61.695 60.610 59.289 57.916 78.085
M2 52.984 0.000 92.691 67.601 84.152 67.301 76.860 104.081
M3 71.471 92.691 0.000 67.996 58.773 62.918 65.315 72.294
M4 61.695 67.601 67.996 0.000 90.677 71.354 86.383 108.424
B1 60.610 84.152 58.773 90.677 0.000 56.975 53.854 69.975
B2 59.289 67.301 62.918 71.354 56.975 0.000 70.517 93.984
B3 57.916 76.860 65.315 86.383 53.854 70.517 0.000 76.267
B4 78.085 104.081 72.294 108.424 69.975 93.984 76.267 0.000
